image_width: 1280
image_height: 720
camera_name: c920
camera_matrix:
  rows: 3
  cols: 3
  data: [889.916079, 0, 664.636445, 0, 897.537405, 398.116524, 0, 0, 1]
distortion_model: plumb_bob
distortion_coefficients:
  rows: 1
  cols: 5
  data: [0.065258, -0.1133, 0.014775, -0.000539, 0]
rectification_matrix:
  rows: 3
  cols: 3
  data: [1, 0, 0, 0, 1, 0, 0, 0, 1]
projection_matrix:
  rows: 3
  cols: 4
  data: [896.492065, 0, 665.534434, 0, 0, 905.986633, 406.466018, 0, 0, 0, 1, 0]
